2 0.07923832923832926 0.4236025798525798 0.055282555282555275 0.2625921375921375
2 0.19261875511875512 0.44126228501228504 0.04453316953316954 0.2257371007371008
2 0.14501433251433254 0.4969287469287469 0.03531941031941031 0.10211916461916459
2 0.09203521703521705 0.4942414004914005 0.029688779688779685 0.11824324324324324
2 0.21718877968877973 0.49155405405405406 0.02098689598689599 0.08062039312039318
2 0.24534193284193287 0.4976965601965603 0.01996314496314495 0.08062039312039308
2 0.27375102375102384 0.49040233415233414 0.02661752661752666 0.08445945945945947
2 0.30651105651105653 0.5 0.029688779688779653 0.08829852579852578
2 0.33619983619983623 0.4880988943488943 0.032760032760032705 0.09520884520884518
0 0.41886773136773137 0.4823402948402949 0.03634316134316133 0.11133292383292384
0 0.9499385749385749 0.31150184275184273 0.09213759213759214 0.476044226044226
0 0.8447481572481572 0.36640049140049136 0.08138820638820642 0.3677825552825552
0 0.7439086814086814 0.4239864864864865 0.07524570024570032 0.23111179361179363
0 0.7009111384111385 0.44394963144963145 0.0691031941031941 0.16815110565110558
0 0.6666154791154791 0.45930589680589673 0.07217444717444708 0.163544226044226
0 0.56500819000819 0.4823402948402949 0.04095004095004088 0.07447788697788704
0 0.6126126126126127 0.4635288697788698 0.042997542997543076 0.09828009828009829
