0 0.4160524160524161 0.3687039312039312 0.1648239148239148 0.378531941031941
0 0.31393325143325146 0.4339680589680589 0.12438574938574938 0.2986793611793611
0 0.24252661752661756 0.4228347665847666 0.10339885339885342 0.324017199017199
0 0.165489352989353 0.448556511056511 0.10698198198198197 0.29560810810810806
0 0.10124897624897627 0.41477272727272724 0.10237510237510236 0.3432125307125307
0 0.035217035217035245 0.41093366093366096 0.06244881244881244 0.36778255528255527
0 0.6735257985257985 0.3706234643734644 0.10339885339885342 0.3593366093366093
0 0.7523546273546273 0.3399109336609336 0.09213759213759214 0.37469287469287466
0 0.8288800163800164 0.30651105651105653 0.09776822276822278 0.4399570024570025
0 0.9158988533988535 0.2773341523341524 0.13871826371826376 0.5121314496314496
