0 0.22281941031941035 0.4996160933660933 0.11312448812448812 0.13974201474201467
2 0.10073710073710075 0.5015356265356266 0.05016380016380017 0.17736486486486483
2 0.3072788697788698 0.47734950859950864 0.022010647010646995 0.16584766584766583
2 0.3241707616707617 0.47351044226044225 0.035319410319410355 0.16891891891891894
2 0.34413390663390664 0.4669840294840295 0.04760442260442262 0.17736486486486483
2 0.37407862407862413 0.45661855036855037 0.03276003276003277 0.20577395577395574
2 0.40376740376740383 0.4692874692874692 0.0337837837837838 0.15586609336609342
2 0.47210278460278465 0.4700552825552825 0.026105651105651145 0.1420454545454545
2 0.49283374283374287 0.47734950859950853 0.0204750204750205 0.10288697788697787
2 0.5104934479934481 0.472742628992629 0.02405814905814901 0.10902948402948401
