2 0.5693271396396397 0.5005278716216217 0.07108671171171181 0.17842060810810806
2 0.6259853603603605 0.5100295608108109 0.06475225225225228 0.1467483108108108
2 0.6675112612612613 0.4883868243243244 0.06756756756756749 0.1646959459459459
2 0.7269847972972973 0.47202280405405406 0.06404842342342339 0.1467483108108108
2 0.7744932432432433 0.4720228040540541 0.07179054054054058 0.18897804054054057
2 0.837134009009009 0.4472128378378379 0.07460585585585591 0.17314189189189183
2 0.48803490990990994 0.5279771959459459 0.05349099099099094 0.13407939189189194
2 0.43454391891891897 0.5527871621621622 0.049268018018018014 0.1013513513513514
2 0.39653716216216217 0.5522592905405406 0.05489864864864866 0.11929898648648649
2 0.34867680180180183 0.5638724662162162 0.04504504504504503 0.11296452702702701
2 0.2997606981981982 0.5786528716216216 0.05419481981981982 0.15308277027027026
2 0.06644144144144143 0.6177153716216217 0.0436373873873874 0.13196790540540543
2 0.02371903153153153 0.6173854518581081 0.04743806306306306 0.13341955236486483
2 0.915259009009009 0.4556587837837839 0.06615990990990994 0.12457770270270271
