1 0.5967444717444719 0.4481726044226044 0.11363636363636367 0.3746928746928747
1 0.498976248976249 0.4562346437346438 0.09828009828009829 0.2771805896805897
1 0.44497338247338253 0.47734950859950853 0.04146191646191646 0.14742014742014745
1 0.41246928746928746 0.49155405405405406 0.03480753480753484 0.13129606879606878
1 0.8386056511056511 0.42552211302211307 0.11210073710073705 0.2234336609336609
2 0.9394451269451269 0.39634520884520885 0.11517199017199016 0.6365171990171989
2 0.7577293202293203 0.3855958230958231 0.07217444717444708 0.21421990171990166
2 0.04084766584766588 0.47658169533169537 0.0389025389025389 0.15202702702702703
0 0.10841523341523344 0.5007678132678133 0.07268632268632268 0.1051904176904177
0 0.3034398034398035 0.5023034398034397 0.04504504504504503 0.07140663390663393
0 0.24022317772317775 0.5057585995085996 0.03531941031941033 0.07371007371007368
