2 0.4398546273546274 0.5364711302211302 0.03941441441441439 0.11824324324324324
2 0.3960892710892711 0.5510595823095823 0.04299754299754296 0.11670761670761678
2 0.3533476658476659 0.5525952088452089 0.05067567567567567 0.10749385749385745
2 0.29678542178542183 0.5445331695331695 0.06244881244881248 0.16507985257985255
2 0.23561629811629814 0.5852272727272727 0.039414414414414414 0.10058353808353812
2 0.18647624897624898 0.5863789926289926 0.060913185913185924 0.12899262899262903
2 0.13528869778869781 0.6224662162162162 0.0516994266994267 0.08138820638820636
2 0.0802620802620803 0.6028869778869779 0.06142506142506142 0.12054668304668308
2 0.024467649467649503 0.6201627764127764 0.038902538902538905 0.11363636363636367
2 0.5744778869778869 0.4930896805896806 0.030200655200655173 0.10365479115479115
2 0.6236179361179361 0.4888667076167076 0.03839066339066335 0.08292383292383292
2 0.8629197379197379 0.4416461916461916 0.056306306306306314 0.10365479115479115
2 0.9169226044226043 0.4489404176904177 0.032248157248157244 0.0798525798525798
