2 0.2571150696150697 0.3836762899262899 0.11619574119574123 0.4253685503685503
2 0.4713349713349713 0.4427979115479115 0.047092547092547045 0.21038083538083532
2 0.5453009828009828 0.4539312039312039 0.03941441441441444 0.1497235872235872
2 0.5877866502866503 0.46851965601965606 0.035319410319410355 0.10826167076167073
1 0.8373259623259623 0.46122542997543 0.08394758394758396 0.28255528255528256
1 0.7492833742833743 0.47427825552825553 0.028665028665028677 0.12438574938574938
1 0.7172911547911549 0.4719748157248157 0.032248157248157244 0.08138820638820646
1 0.10227272727272729 0.47351044226044225 0.08906633906633905 0.19502457002457002
1 0.24303849303849306 0.4857954545454545 0.041973791973791946 0.1458845208845209
1 0.32109950859950864 0.5007678132678133 0.0486281736281736 0.10672604422604426
