2 0.30830262080262083 0.4312807125307125 0.0762694512694513 0.28869778869778867
2 0.46186527436527436 0.4608415233415233 0.043509418509418536 0.29253685503685506
2 0.5 0.4512438574938574 0.0399262899262899 0.2656633906633906
1 0.7561936936936938 0.5003839066339066 0.14486076986076987 0.23341523341523338
1 0.6789004914004914 0.5433814496314496 0.04760442260442256 0.09520884520884518
1 0.8421887796887797 0.5353194103194103 0.05374692874692878 0.11901105651105652
1 0.8946560196560197 0.5395423832923832 0.04504504504504503 0.1197788697788698
1 0.9642710892710892 0.5337837837837838 0.06654381654381657 0.16507985257985264
1 0.23766380016380018 0.44702088452088445 0.09264946764946765 0.19118550368550363
1 0.1562755937755938 0.38828316953316955 0.13052825552825553 0.27180589680589684
1 0.05953112203112206 0.37945331695331697 0.10391072891072889 0.27871621621621623
