3 0.07664695945945944 0.4239864864864865 0.0879786036036036 0.17736486486486486
3 0.17271959459459457 0.44668496621621623 0.05489864864864866 0.16575168918918926
3 0.12626689189189186 0.45513091216216217 0.057713963963963964 0.1636402027027027
3 0.22163569819819823 0.421875 0.05701013513513515 0.18369932432432434
3 0.2895551801801802 0.4392947635135135 0.08023648648648649 0.17630912162162166
3 0.37119932432432434 0.44193412162162166 0.059121621621621635 0.16047297297297297
3 0.43911880630630634 0.43559966216216217 0.03871058558558561 0.19425675675675672
3 0.47325450450450446 0.4435177364864865 0.0689752252252252 0.16364020270270271
3 0.5348395270270271 0.46516047297297297 0.06827139639639637 0.1288006756756757
3 0.759009009009009 0.45671452702702703 0.05771396396396398 0.18369932432432434
3 0.8037021396396397 0.4920819256756757 0.0429335585585586 0.12774493243243246
3 0.8589527027027027 0.4978885135135135 0.052083333333333336 0.12457770270270271
3 0.8962556306306306 0.4878589527027028 0.06897522522522527 0.16152871621621623
3 0.6576576576576577 0.4899704391891892 0.06475225225225216 0.12563344594594597
3 0.7083333333333334 0.49155405405405406 0.0605292792792793 0.11613175675675676
3 0.5883305180180181 0.4862753378378379 0.057010135135135205 0.11190878378378377
