2 0.09996928746928749 0.47734950859950853 0.06500819000819001 0.148955773955774
2 0.294481981981982 0.46890356265356264 0.03429565929565926 0.17659705159705155
2 0.638462325962326 0.5061425061425061 0.029176904176904137 0.08676289926289922
2 0.5957207207207207 0.504222972972973 0.033783783783783744 0.09674447174447173
2 0.5522113022113023 0.5069103194103194 0.039926289926289965 0.09597665847665846
2 0.3561629811629812 0.4892506142506143 0.0604013104013104 0.15125921375921375
0 0.3868755118755119 0.46890356265356264 0.08292383292383292 0.20270270270270263
2 0.4529074529074529 0.4880988943488943 0.04299754299754301 0.1351351351351351
2 0.4925778050778051 0.4930896805896806 0.023034398034397975 0.10979729729729729
0 0.9345823095823095 0.5084459459459459 0.07166257166257176 0.11593980343980341
0 0.1933865683865684 0.472742628992629 0.08190008190008188 0.15356265356265358
