2 0.504222972972973 0.47941300675675685 0.07882882882882883 0.25443412162162166
2 0.5696790540540541 0.46621621621621623 0.07319819819819824 0.23226351351351351
2 0.8899211711711712 0.3711993243243244 0.11120495495495497 0.316722972972973
2 0.9618665540540541 0.3621206605312209 0.07210022522522526 0.2647818616029823
2 0.6530827702702702 0.4493243243243244 0.07390202702702701 0.25971283783783783
2 0.726632882882883 0.43296030405405406 0.07460585585585591 0.25654560810810817
2 0.39372184684684686 0.5089738175675675 0.06193693693693696 0.22909628378378377
2 0.4454532657657657 0.5211148648648649 0.0513795045045045 0.19425675675675674
2 0.23747184684684683 0.5079180743243243 0.10416666666666667 0.3008868243243243
2 0.29588963963963966 0.5179476351351352 0.08305180180180181 0.23226351351351351
2 0.3342483108108108 0.5036951013513514 0.06686373873873871 0.26499155405405406
2 0.1484375 0.5929054054054055 0.09360923423423426 0.17314189189189194
2 0.18714808558558557 0.5723184121621622 0.06686373873873877 0.17842060810810806
2 0.08614864864864864 0.5950168918918919 0.07882882882882883 0.1858108108108108
2 0.036739864864864864 0.5982709491033089 0.07347972972972973 0.2049878441525638
