2 0.8205940315315314 0.35483530405405406 0.15413851351351357 0.44024493243243246
2 0.8786599099099099 0.4018158783783784 0.10135135135135134 0.32094594594594594
2 0.9653856981981981 0.37687633547008553 0.06506193693693696 0.23939456283206292
2 0.7357826576576578 0.47571790540540543 0.09994369369369369 0.1984797297297297
2 0.6428772522522522 0.4799408783783784 0.10135135135135134 0.25971283783783783
2 0.4088541666666667 0.5453969594594594 0.0851632882882883 0.20270270270270271
2 0.5323761261261262 0.534839527027027 0.06475225225225228 0.16469594594594597
2 0.35747466216216217 0.5300886824324325 0.08797860360360363 0.19108952702702703
2 0.294481981981982 0.5686233108108109 0.07601351351351357 0.14569256756756763
2 0.04708614864864864 0.6050464527027027 0.08094031531531533 0.19953547297297297
