2 0.9681101556101556 0.4712070024570025 0.05374692874692878 0.09520884520884527
2 0.8856981981981982 0.4938574938574938 0.053746928746928664 0.08215601965601964
2 0.7902334152334152 0.4942414004914005 0.04606879606879607 0.09520884520884518
2 0.7101248976248976 0.5061425061425061 0.03122440622440621 0.0683353808353809
2 0.7469799344799345 0.49347358722358725 0.026105651105651145 0.07217444717444713
2 0.8393734643734644 0.48656326781326786 0.03071253071253063 0.07217444717444713
2 0.6333435708435708 0.5076781326781326 0.03941441441441439 0.08522727272727275
2 0.5785728910728911 0.507294226044226 0.020986895986896077 0.06756756756756754
2 0.5138206388206388 0.5180436117936118 0.028665028665028677 0.07371007371007368
2 0.4626330876330877 0.514588452088452 0.02764127764127764 0.05297911547911545
2 0.4091420966420967 0.5310964373464373 0.028153153153153157 0.06296068796068796
2 0.3666564291564292 0.5333998771498771 0.02098689598689596 0.06142506142506141
2 0.3208435708435709 0.5287929975429975 0.014332514332514338 0.05221130221130217
2 0.2875716625716626 0.5360872235872236 0.02764127764127764 0.060657248157248135
2 0.25250819000819 0.546068796068796 0.02405814905814904 0.05912162162162158
2 0.21590909090909094 0.5414619164619164 0.021498771498771507 0.05605036855036856
2 0.19364250614250617 0.5418458230958232 0.02712940212940212 0.06449631449631452
2 0.16292997542997548 0.5353194103194103 0.025081900081900078 0.05144348894348898
2 0.13221744471744473 0.5437653562653562 0.03531941031941033 0.057585995085995115
2 0.06285831285831288 0.5506756756756757 0.023546273546273536 0.045300982800982846
