2 0.635838963963964 0.3289695945945946 0.06545608108108106 0.6313344594594594
2 0.7009431306306306 0.29782516891891897 0.04645270270270269 0.5648226351351351
2 0.7913851351351351 0.31577280405405406 0.13302364864864866 0.5415962837837838
2 0.9001266891891891 0.3448057432432433 0.1210585585585586 0.6630067567567568
2 0.5826998873873873 0.33847128378378377 0.06615990990990994 0.4666385135135135
2 0.5024634009009008 0.32263513513513514 0.09009009009009006 0.5827702702702703
2 0.4623451576576576 0.367504222972973 0.06615990990990982 0.39801520270270274
2 0.38210867117117114 0.3031038851351352 0.0929054054054055 0.6028293918918919
2 0.3120777027027027 0.30838260135135137 0.07390202702702714 0.47402871621621623
2 0.17271959459459457 0.29518581081081086 0.12317004504504506 0.5426520270270271
2 0.20228040540540537 0.32949746621621623 0.04574887387387386 0.41490709459459457
2 0.10163288288288287 0.3374155405405405 0.04997184684684684 0.390625
2 0.07242398648648646 0.3057432432432433 0.08586711711711711 0.44341216216216217
