3 0.4503800675675676 0.5116131756756757 0.1527308558558559 0.23859797297297297
2 0.8614161036036037 0.45988175675675685 0.04856418918918924 0.13302364864864868
2 0.9588963963963965 0.4461570945945946 0.059121621621621635 0.15625000000000006
2 0.8086289414414414 0.4656883445945946 0.05841779279279287 0.12141047297297299
2 0.7635838963963965 0.4751900337837839 0.05278716216216222 0.12774493243243237
2 0.719946509009009 0.4868032094594595 0.0527871621621621 0.12141047297297299
2 0.22761824324324326 0.5448690878378379 0.07038288288288287 0.1699746621621622
2 0.28251689189189194 0.5496199324324325 0.04786036036036041 0.13091216216216212
2 0.33706362612612606 0.5358952702702703 0.05841779279279281 0.15836148648648649
2 0.14562218468468469 0.5818201013513514 0.058417792792792765 0.1446368243243243
2 0.09670608108108107 0.6113809121621622 0.049268018018018014 0.11929898648648649
2 0.5795326576576577 0.5142525337837838 0.04504504504504515 0.11507601351351351
