1 0.07872645372645376 0.28424447174447176 0.12796887796887796 0.5367014742014742
1 0.21590909090909094 0.29998464373464373 0.10544635544635549 0.49600737100737097
1 0.3090704340704341 0.320715601965602 0.09520884520884527 0.4775798525798526
1 0.3735667485667486 0.36140970515970516 0.06654381654381657 0.3547297297297297
1 0.4416461916461917 0.4209152334152334 0.12489762489762483 0.18964987714987713
1 0.5688472563472563 0.4358875921375921 0.10800573300573303 0.20116707616707616
1 0.6330876330876332 0.46813574938574937 0.060401310401310346 0.17659705159705155
1 0.6934889434889435 0.45469901719901723 0.0798525798525798 0.20654176904176902
1 0.7554258804258804 0.46276105651105653 0.05733005733005735 0.17199017199017197
1 0.8096846846846847 0.49884828009828014 0.04606879606879607 0.0982800982800982
1 0.8475634725634725 0.4811885749385749 0.060401310401310346 0.13667076167076164
1 0.9361179361179361 0.48272420147420136 0.10647010647010641 0.1458845208845209
