2 0.8444922194922194 0.41937960687960685 0.06552006552006553 0.20654176904176902
2 0.8849303849303849 0.45853808353808356 0.036855036855036855 0.10058353808353804
2 0.9307432432432433 0.45354729729729726 0.04146191646191646 0.12899262899262903
2 0.9706695331695331 0.44011056511056507 0.040438165438165426 0.11901105651105644
2 0.754914004914005 0.43742321867321865 0.057330057330057235 0.21345208845208843
2 0.8099406224406225 0.48310810810810806 0.0424856674856675 0.09136977886977889
2 0.6829954954954955 0.4558507371007371 0.06807944307944307 0.20577395577395574
2 0.638462325962326 0.515740171990172 0.03839066339066335 0.11517199017199023
2 0.5982800982800983 0.5165079852579852 0.026617526617526602 0.11670761670761678
2 0.5470925470925471 0.5130528255528255 0.032760032760032705 0.12976044226044223
2 0.5202190827190827 0.47965294840294836 0.04453316953316951 0.23341523341523338
2 0.49462530712530717 0.5387745700245701 0.029176904176904137 0.10902948402948401
2 0.44548525798525795 0.5449170761670762 0.03839066339066341 0.11056511056511056
2 0.40504709254709254 0.5487561425061426 0.03634316134316133 0.13359950859950862
2 0.3438779688779689 0.4930896805896806 0.06552006552006553 0.2802518427518427
2 0.35232391482391484 0.5476044226044225 0.04146191646191646 0.14818796068796072
2 0.6809479934479935 0.5007678132678133 0.04760442260442256 0.09290540540540544
2 0.3052313677313678 0.5656480343980343 0.030200655200655173 0.1382063882063882
2 0.2837325962325963 0.5529791154791155 0.05784193284193287 0.20654176904176902
2 0.2596744471744472 0.5756296068796068 0.05169942669942674 0.13974201474201467
2 0.20618345618345618 0.5330159705159705 0.08292383292383292 0.2741093366093367
2 0.15525184275184278 0.6128685503685503 0.05477067977067977 0.1128685503685504
2 0.09203521703521705 0.6109490171990173 0.06244881244881244 0.11824324324324324
