3 0.6710304054054054 0.48310810810810817 0.18158783783783777 0.2238175675675676
2 0.5140765765765766 0.512668918918919 0.07038288288288287 0.17525337837837843
2 0.44897240990990994 0.5174197635135135 0.0513795045045045 0.14041385135135132
2 0.3933699324324324 0.5358952702702704 0.055602477477477485 0.1309121621621622
2 0.3346002252252252 0.5395903716216216 0.05489864864864866 0.15730574324324326
2 0.2617539414414415 0.5744298986486486 0.07249436936936936 0.15730574324324326
2 0.8283361486486487 0.46357685810810817 0.05841779279279275 0.12563344594594597
2 0.8779560810810811 0.4493243243243244 0.059121621621621635 0.13302364864864868
2 0.9138513513513513 0.44615709459459457 0.05067567567567567 0.12035472972972974
2 0.9667933558558559 0.441482405860917 0.06224662162162164 0.1426776495596719
2 0.20439189189189186 0.6002956081081081 0.049268018018018014 0.12035472972972974
2 0.1653293918918919 0.5929054054054055 0.052787162162162164 0.12457770270270271
2 0.11817286036036036 0.6008234797297297 0.06967905405405404 0.13196790540540543
