2 0.8698300573300574 0.5030712530712531 0.08138820638820642 0.2940724815724816
2 0.9450757575757576 0.550291769041769 0.05169942669942671 0.19656019656019658
2 0.9773239148239148 0.47159090909090906 0.03839066339066335 0.18350737100737097
2 0.8237612612612613 0.5886824324324325 0.04658067158067165 0.10902948402948409
2 0.7886977886977887 0.5875307125307125 0.05118755118755113 0.11133292383292384
2 0.7556818181818182 0.594441031941032 0.02098689598689596 0.0944410319410319
2 0.7265049140049141 0.585995085995086 0.03531941031941024 0.11133292383292384
2 0.6896498771498772 0.5829238329238329 0.0486281736281736 0.11440417690417685
0 0.5767813267813268 0.5606572481572482 0.07371007371007371 0.15893734643734642
0 0.0569717444717445 0.4332002457002456 0.08957821457821456 0.5551289926289926
0 0.15499590499590502 0.5211148648648649 0.13206388206388206 0.34090909090909094
0 0.24303849303849306 0.5207309582309583 0.07166257166257166 0.2910012285012285
0 0.2957616707616708 0.5560503685503686 0.0604013104013104 0.203470515970516
0 0.35872235872235875 0.5813882063882063 0.04606879606879607 0.14818796068796072
