0 0.6650478603603603 0.48521959459459457 0.20481418918918923 0.19636824324324326
2 0.9741835585585586 0.43612504968203486 0.04746621621621626 0.12773996422893458
2 0.9117398648648649 0.4445734797297297 0.06334459459459461 0.1171875
2 0.8508586711711712 0.4741342905405405 0.08234797297297299 0.15519425675675674
2 0.5021114864864865 0.49313766891891897 0.06193693693693696 0.14252533783783788
2 0.4443975225225225 0.5269214527027029 0.05349099099099099 0.16152871621621623
2 0.39372184684684686 0.5422297297297297 0.04504504504504503 0.1330236486486486
2 0.34762105855855857 0.5279771959459459 0.06264076576576579 0.12985641891891894
2 0.25753096846846846 0.5839315878378379 0.08657094594594597 0.15519425675675674
2 0.16216216216216217 0.5960726351351352 0.05067567567567567 0.13724662162162157
2 0.10972691441441441 0.6002956081081081 0.06123310810810813 0.11613175675675676
