2 0.4862753378378379 0.47941300675675685 0.09923986486486486 0.2438766891891892
2 0.6354870495495495 0.44140625 0.06545608108108106 0.2523226351351352
2 0.5957207207207207 0.45618665540540543 0.06193693693693696 0.2227618243243244
2 0.747043918918919 0.43665540540540543 0.0605292792792793 0.1836993243243244
2 0.8951998873873873 0.41237331081081086 0.078125 0.1815878378378378
2 0.9572916666666667 0.3946327702702702 0.08125 0.18622499999999992
2 0.8431165540540541 0.46832770270270274 0.0851632882882883 0.13091216216216212
2 0.7076295045045046 0.4820523648648649 0.0605292792792793 0.13513513513513517
2 0.37682995495495497 0.5464527027027027 0.05489864864864866 0.15202702702702703
2 0.4243384009009009 0.5538429054054055 0.05841779279279281 0.13935810810810806
2 0.2730152027027027 0.5897381756756757 0.05701013513513515 0.12246621621621614
2 0.33213682432432434 0.573902027027027 0.06404842342342339 0.12246621621621623
2 0.18186936936936934 0.59765625 0.06615990990990994 0.12563344594594597
2 0.13084177927927926 0.6034628378378379 0.05137950450450452 0.12035472972972974
