2 0.3152449324324324 0.41659628378378377 0.09642454954954953 0.4180743243243244
2 0.2582347972972973 0.44404560810810806 0.07530968468468467 0.27871621621621623
2 0.18081362612612614 0.4614653716216216 0.08234797297297299 0.2966638513513513
2 0.43806306306306303 0.4709670608108108 0.04786036036036041 0.21220439189189189
2 0.7333192567567567 0.47096706081081086 0.05278716216216222 0.15519425675675674
2 0.7924408783783784 0.4604096283783784 0.04856418918918924 0.1467483108108108
2 0.6242257882882883 0.4815244932432433 0.057010135135135205 0.1467483108108108
2 0.6791244369369369 0.4963048986486487 0.04715653153153146 0.12352195945945947
2 0.5774211711711712 0.48891469594594594 0.059121621621621635 0.15097128378378386
3 0.9175253378378379 0.43403413339056274 0.16078265765765767 0.21646353705139565
