2 0.12684275184275187 0.4270577395577395 0.07268632268632268 0.3954238329238329
2 0.05390049140049143 0.4846437346437346 0.05374692874692874 0.28485872235872234
2 0.17828624078624078 0.4854115479115479 0.04043816543816545 0.1742936117936118
2 0.23536036036036034 0.4965448402948403 0.04709254709254707 0.17966830466830466
2 0.27912571662571667 0.4746621621621621 0.05272317772317778 0.1819717444717445
3 0.8608722358722358 0.31073402948402945 0.23136773136773137 0.5436117936117936
3 0.6238738738738739 0.4124692874692874 0.1351351351351351 0.2357186732186732
3 0.5427416052416053 0.45815417690417687 0.06807944307944312 0.15663390663390658
3 0.4892506142506143 0.4558507371007371 0.049140049140049116 0.12438574938574938
3 0.4605855855855856 0.46237714987714984 0.04402129402129399 0.1051904176904177
