2 0.35411547911547914 0.5245700245700246 0.05221130221130217 0.12515356265356264
2 0.21207002457002458 0.5449170761670762 0.03839066339066341 0.1013513513513514
2 0.27144758394758395 0.5426136363636364 0.056818181818181865 0.09828009828009829
2 0.43064086814086816 0.5161240786240786 0.025081900081900105 0.060657248157248225
2 0.47235872235872234 0.5122850122850122 0.036855036855036855 0.0729422604422604
2 0.5163800163800164 0.5115171990171989 0.04811629811629808 0.07601351351351351
2 0.6243857493857494 0.5053746928746928 0.018427518427518427 0.07908476658476662
2 0.6832514332514333 0.49500921375921375 0.03276003276003282 0.05835380835380839
2 0.7451883701883701 0.4777334152334152 0.032760032760032705 0.1051904176904177
2 0.8032862407862408 0.47696560196560195 0.026105651105651145 0.07447788697788696
2 0.8757166257166257 0.4608415233415233 0.033783783783783744 0.07294226044226049
2 0.9430282555282555 0.45815417690417687 0.037366912366912315 0.08906633906633905
