2 0.45341932841932847 0.5483722358722358 0.053235053235053266 0.14665233415233417
2 0.40990990990990994 0.5729422604422604 0.038902538902538926 0.11747542997542997
2 0.36563267813267813 0.5810042997542997 0.032248157248157244 0.11824324324324324
2 0.3308251433251434 0.5890663390663391 0.030200655200655232 0.11593980343980341
2 0.3003685503685504 0.5971283783783783 0.03787878787878789 0.11056511056511056
2 0.2709357084357085 0.6197788697788698 0.031224406224406268 0.09290540540540534
2 0.23766380016380018 0.6067260442260443 0.03736691236691237 0.12054668304668299
2 0.19824938574938578 0.6136363636363636 0.03736691236691237 0.11901105651105644
2 0.14603808353808354 0.6044226044226043 0.038390663390663375 0.17582923832923827
2 0.1068796068796069 0.6151719901719901 0.04197379197379198 0.17582923832923836
2 0.0349610974610975 0.6458845208845208 0.05886568386568387 0.14050982800982803
2 0.5870188370188371 0.5023034398034397 0.056306306306306314 0.1666154791154791
2 0.6512592137592139 0.5034551597051596 0.04146191646191646 0.15816953316953314
2 0.7165233415233415 0.5034551597051597 0.04606879606879607 0.1382063882063882
2 0.7735974610974611 0.48617936117936117 0.04965192465192463 0.14665233415233417
2 0.8306715806715808 0.4785012285012285 0.04914004914004918 0.1558660933660933
0 0.8941441441441441 0.448556511056511 0.0675675675675676 0.2019348894348894
0 0.9696457821457822 0.4305128992628992 0.05477067977067982 0.17506142506142508
