2 0.9514742014742015 0.4746621621621621 0.039926289926289965 0.05912162162162167
2 0.8892813267813268 0.4788851351351351 0.03839066339066335 0.05681818181818175
2 0.8304156429156428 0.4877149877149877 0.038390663390663465 0.06219287469287469
2 0.7654074529074529 0.49117014742014736 0.03327190827190828 0.07678132678132679
2 0.7119164619164619 0.4880988943488944 0.021498771498771538 0.04760442260442259
2 0.6663595413595415 0.5019195331695332 0.02457002457002453 0.06603194103194099
2 0.6133804258804259 0.5034551597051597 0.026105651105651145 0.06449631449631443
2 0.5757575757575758 0.5015356265356266 0.032760032760032705 0.07140663390663393
2 0.5271294021294022 0.5076781326781327 0.022522522522522574 0.0652641277641278
2 0.4966728091728092 0.515740171990172 0.022010647010646995 0.05835380835380839
2 0.4672399672399673 0.512668918918919 0.022522522522522515 0.05988943488943486
2 0.43652743652743653 0.5107493857493857 0.025593775593775566 0.06219287469287469
2 0.40299959049959055 0.5134367321867321 0.026105651105651145 0.0583538083538083
2 0.21130221130221133 0.5226504914004914 0.03071253071253072 0.046068796068796124
2 0.18954750204750206 0.5264895577395577 0.017915642915642908 0.03839066339066344
