2 0.6873464373464373 0.398264742014742 0.11875511875511874 0.40079852579852576
2 0.3904586404586405 0.44049447174447176 0.08906633906633908 0.23495085995085993
2 0.2857800982800983 0.4558507371007371 0.062960687960688 0.19348894348894347
2 0.22691441441441443 0.46237714987714984 0.05477067977067976 0.14050982800982803
2 0.16241809991809994 0.48733108108108103 0.04555692055692058 0.07678132678132679
2 0.10380835380835383 0.48425982800982803 0.039926289926289917 0.06756756756756754
1 0.4710790335790336 0.47274262899262903 0.06603194103194099 0.148955773955774
1 0.5386466011466011 0.4907862407862408 0.040438165438165426 0.13129606879606878
1 0.6149160524160524 0.49232186732186733 0.033271908271908165 0.14050982800982795
1 0.7165233415233415 0.504222972972973 0.04197379197379192 0.13974201474201475
1 0.8626638001638002 0.5095976658476659 0.06398443898443903 0.15049140049140047
1 0.4178439803439804 0.4900184275184275 0.032248157248157244 0.09597665847665846
