2 0.9836532555282554 0.47119027974430516 0.028526822276822253 0.06599849560654647
2 0.9128276003276004 0.4877149877149877 0.03736691236691243 0.06987100737100738
2 0.870085995085995 0.48349201474201475 0.028665028665028677 0.07217444717444721
2 0.8265765765765766 0.4823402948402949 0.039926289926289965 0.06833538083538082
2 0.7702702702702703 0.4888667076167076 0.038902538902538926 0.07524570024570032
2 0.7101248976248976 0.49232186732186733 0.03736691236691243 0.05144348894348898
2 0.6558660933660934 0.5015356265356266 0.03327190827190828 0.05912162162162167
2 0.5970004095004096 0.5026873464373465 0.032248157248157244 0.05528255528255528
2 0.5529791154791155 0.511517199017199 0.02712940212940218 0.06833538083538082
2 0.5017915642915642 0.5134367321867321 0.030200655200655232 0.04760442260442259
2 0.468519656019656 0.5211148648648649 0.028153153153153157 0.07524570024570024
2 0.42347461097461103 0.5165079852579852 0.023034398034398034 0.050675675675675616
2 0.3891789516789517 0.519963144963145 0.023034398034398034 0.05451474201474209
2 0.3582104832104832 0.5203470515970515 0.022522522522522515 0.05988943488943486
2 0.3328726453726454 0.5299447174447174 0.02098689598689596 0.060657248157248225
2 0.29883292383292387 0.5238022113022114 0.02764127764127764 0.05912162162162167
2 0.22870597870597872 0.5314803439803439 0.022522522522522515 0.04683660933660931
2 0.19978501228501233 0.5272573710073709 0.01996314496314495 0.049140049140049144
2 0.16446560196560198 0.5310964373464373 0.02712940212940215 0.04453316953316957
2 0.09382678132678134 0.5318642506142506 0.016891891891891886 0.046068796068796034
