2 0.9022381756756758 0.3680320945945946 0.12880067567567569 0.34628378378378377
2 0.7188907657657658 0.43876689189189194 0.07882882882882888 0.26815878378378377
2 0.5661599099099099 0.45196368243243246 0.08586711711711707 0.25232263513513514
2 0.658009572072072 0.45777027027027034 0.10487049549549556 0.29349662162162166
2 0.5080940315315315 0.4725506756756757 0.08938626126126129 0.23648648648648649
2 0.3909065315315316 0.5058065878378379 0.07038288288288287 0.20375844594594597
2 0.45636261261261263 0.512668918918919 0.08023648648648656 0.2132601351351351
2 0.23958333333333334 0.5232263513513514 0.06615990990990994 0.26604729729729726
2 0.3324887387387387 0.5100295608108109 0.07742117117117117 0.23543074324324326
2 0.2022804054054054 0.5834037162162162 0.07882882882882883 0.16680743243243246
2 0.14949324324324326 0.582347972972973 0.07601351351351353 0.1858108108108108
2 0.1023367117117117 0.5834037162162162 0.0957207207207207 0.18158783783783788
