2 0.5439893018018018 0.44985219594594594 0.08797860360360363 0.36211993243243246
2 0.687570382882883 0.5137246621621622 0.06123310810810807 0.16680743243243246
2 0.7375422297297297 0.4862753378378379 0.06686373873873871 0.10768581081081079
2 0.7970157657657658 0.4672719594594595 0.07179054054054047 0.17947635135135137
2 0.855785472972973 0.4704391891891892 0.06545608108108117 0.13724662162162157
2 0.9057573198198199 0.4477407094594595 0.0710867117117117 0.16786317567567566
2 0.9532657657657658 0.43190456081081086 0.0886824324324324 0.17208614864864868
2 0.4757179054054054 0.4788851351351352 0.07249436936936936 0.2195945945945946
2 0.43911880630630634 0.5564822635135135 0.06123310810810807 0.09396114864864868
2 0.3993524774774775 0.554370777027027 0.06475225225225228 0.14041385135135132
2 0.35430743243243246 0.571262668918919 0.04786036036036035 0.11929898648648649
2 0.30609515765765766 0.5717905405405406 0.04856418918918924 0.1309121621621622
2 0.2684403153153153 0.5839315878378379 0.06475225225225228 0.13407939189189183
2 0.18574042792792791 0.5839315878378379 0.03448761261261257 0.13196790540540534
2 0.22093186936936934 0.582347972972973 0.04574887387387392 0.14358108108108106
2 0.14949324324324323 0.5997677364864865 0.04082207207207203 0.12141047297297299
2 0.11570945945945944 0.5950168918918919 0.04786036036036039 0.11824324324324324
2 0.07946227477477477 0.5971283783783784 0.05278716216216215 0.11190878378378377
2 0.631615990990991 0.5084459459459459 0.06334459459459461 0.15836148648648649
