2 0.9322788697788698 0.48387592137592145 0.04965192465192463 0.09751228501228501
2 0.8772522522522522 0.48042076167076164 0.025593775593775566 0.07063882063882065
2 0.7677108927108928 0.49232186732186733 0.033783783783783744 0.0729422604422604
2 0.710892710892711 0.4942414004914005 0.033783783783783744 0.05681818181818184
2 0.6535626535626536 0.5023034398034397 0.033783783783783744 0.06987100737100738
2 0.594441031941032 0.5099815724815724 0.02405814905814907 0.06219287469287469
2 0.5358312858312858 0.5153562653562653 0.034807534807534776 0.045300982800982846
2 0.4915540540540541 0.515740171990172 0.030200655200655173 0.05681818181818184
2 0.44830057330057327 0.5172757985257984 0.03173628173628173 0.049140049140049144
2 0.40581490581490587 0.5203470515970515 0.029688779688779712 0.05988943488943486
2 0.3635851760851761 0.5272573710073709 0.02712940212940212 0.052211302211302255
2 0.3346642096642097 0.5211148648648649 0.017403767403767388 0.0798525798525799
2 0.30599918099918105 0.5326320638820639 0.02354627354627355 0.06296068796068796
2 0.2814291564291564 0.5314803439803439 0.04197379197379198 0.057585995085995115
2 0.24227067977067976 0.5330159705159705 0.033271908271908256 0.0652641277641278
2 0.1795659295659296 0.5364711302211302 0.026617526617526602 0.04760442260442259
2 0.14808558558558563 0.5341676904176904 0.025081900081900078 0.04760442260442259
2 0.11455773955773957 0.5441492628992629 0.02764127764127764 0.05681818181818184
2 0.07079238329238331 0.5453009828009827 0.01893939393939393 0.04683660933660931
2 0.04647829647829651 0.5433814496314496 0.02252252252252252 0.046068796068796124
