1 0.8291359541359541 0.4930896805896806 0.10544635544635549 0.2664312039312039
1 0.684531122031122 0.45853808353808356 0.08753071253071253 0.23111179361179363
1 0.6231060606060607 0.4731265356265356 0.09469696969696967 0.22804054054054052
1 0.5276412776412777 0.45009213759213756 0.06961506961506955 0.2142199017199017
1 0.44420556920556925 0.46506449631449626 0.0542588042588043 0.15509828009828003
1 0.3799651924651925 0.4712070024570025 0.04965192465192463 0.13513513513513517
1 0.3285217035217035 0.49117014742014736 0.053235053235053266 0.09060196560196561
1 0.2540438165438166 0.47696560196560195 0.043509418509418536 0.10365479115479115
1 0.9596642096642096 0.4378071253071253 0.07371007371007371 0.29867936117936117
2 0.20541564291564293 0.5030712530712531 0.03122440622440621 0.10826167076167073
2 0.13400900900900903 0.4880988943488943 0.02559377559377558 0.10902948402948401
2 0.1073914823914824 0.48003685503685495 0.039926289926289917 0.09751228501228501
