2 0.7290962837837839 0.4139569256756757 0.06123310810810819 0.23965371621621617
2 0.8364301801801801 0.41501266891891897 0.04222972972972971 0.24387668918918917
2 0.8673986486486487 0.41659628378378377 0.04786036036036047 0.24704391891891891
2 0.9156109234234234 0.41501266891891897 0.05841779279279287 0.24809966216216214
2 0.6393581081081081 0.42293074324324326 0.029560810810810877 0.18369932432432434
2 0.5777730855855855 0.46146537162162166 0.041525900900900935 0.12563344594594597
2 0.44298986486486486 0.45354729729729737 0.049268018018018014 0.11402027027027026
2 0.30011261261261263 0.4461570945945946 0.05489864864864866 0.1456925675675676
2 0.3567708333333333 0.45196368243243246 0.05701013513513509 0.13619087837837843
2 0.26632882882882886 0.43401604729729726 0.05489864864864866 0.12563344594594592
2 0.489794481981982 0.4619932432432433 0.04011824324324328 0.10135135135135132
2 0.5302646396396397 0.4672719594594595 0.03800675675675672 0.11190878378378377
