3 0.5 0.4165962837837839 0.053490990990991055 0.13302364864864868
3 0.5767173423423423 0.45407516891891897 0.0605292792792793 0.20164695945945948
3 0.7407094594594594 0.44826858108108103 0.08586711711711707 0.2069256756756757
3 0.804757882882883 0.45988175675675674 0.06897522522522527 0.16258445945945943
3 0.9374296171171171 0.45249155405405406 0.07249436936936947 0.20270270270270271
3 0.9018862612612613 0.40287162162162166 0.059121621621621635 0.20903716216216214
3 0.21987612612612614 0.4334881756756757 0.056306306306306314 0.13513513513513514
3 0.32580236486486486 0.3796452702702703 0.06827139639639637 0.22592905405405403
3 0.4165962837837838 0.4276815878378379 0.07953265765765766 0.11718750000000004
3 0.09283502252252251 0.421875 0.14287725225225228 0.1668074324324324
3 0.27125563063063063 0.39759290540540543 0.06193693693693696 0.17525337837837843
