2 0.7512668918918919 0.3405827702702703 0.14076576576576574 0.39907094594594594
2 0.6161317567567567 0.4007601351351352 0.08305180180180176 0.3125
2 0.6844031531531533 0.43032094594594594 0.0675675675675676 0.2808277027027027
2 0.543285472972973 0.4297930743243244 0.07249436936936936 0.27343750000000006
2 0.49788851351351354 0.43876689189189194 0.09290540540540544 0.3399493243243243
2 0.40815033783783783 0.43190456081081086 0.09079391891891894 0.2692145270270271
2 0.29870495495495497 0.45988175675675674 0.10135135135135134 0.23226351351351351
2 0.21494932432432431 0.46832770270270274 0.05489864864864866 0.25760135135135137
2 0.1540681306306306 0.4836359797297297 0.06404842342342344 0.18686655405405403
2 0.09107545045045044 0.4799408783783784 0.08164414414414414 0.24493243243243246
2 0.029701576576576568 0.49343832623384254 0.05940315315315315 0.2043597605757931
2 0.8589527027027027 0.46516047297297297 0.06193693693693696 0.15625
2 0.7871621621621621 0.4155405405405405 0.09572072072072083 0.2913851351351352
