0 0.7331592956592956 0.42628992628992624 0.11005323505323499 0.3339987714987715
0 0.6323198198198199 0.4189957002457002 0.10800573300573303 0.36701474201474205
0 0.5547706797706798 0.45815417690417687 0.07575757575757577 0.2702702702702703
0 0.4641687141687142 0.44740479115479115 0.09009009009009006 0.2472358722358722
1 0.2929463554463555 0.4961609336609337 0.09367321867321869 0.2879299754299754
1 0.16600122850122853 0.48617936117936117 0.09162571662571661 0.2249692874692874
1 0.062346437346437376 0.4969287469287469 0.0389025389025389 0.12976044226044223
1 0.025491400491400522 0.49040233415233414 0.03583128583128583 0.12131449631449627
1 0.36998361998362006 0.4689035626535626 0.05425880425880424 0.1858108108108108
1 0.2253787878787879 0.4788851351351351 0.05169942669942671 0.14281326781326778
