2 0.6059262387387387 0.5110853040540541 0.05982545045045041 0.15941722972972974
2 0.6569538288288288 0.5084459459459459 0.07319819819819824 0.14991554054054052
2 0.7171311936936937 0.5147804054054055 0.05841779279279275 0.10557432432432438
2 0.7632319819819819 0.47624577702702703 0.056306306306306196 0.15097128378378377
3 0.8878096846846847 0.4688555743243244 0.19425675675675672 0.1805320945945946
2 0.14773367117117117 0.593433277027027 0.06827139639639639 0.19108952702702703
2 0.44650900900900903 0.5485641891891893 0.059121621621621635 0.1330236486486486
2 0.4049831081081081 0.5723184121621622 0.05349099099099099 0.10029560810810807
2 0.3303772522522523 0.5892103040540541 0.038006756756756785 0.11296452702702711
2 0.3645129504504504 0.5744298986486487 0.042933558558558536 0.12352195945945947
2 0.19700168918918917 0.6171875 0.0499718468468469 0.11824324324324324
2 0.26668074324324326 0.6177153716216217 0.040118243243243215 0.10874155405405403
2 0.29870495495495497 0.5960726351351351 0.05349099099099099 0.12035472972972974
2 0.22937781531531531 0.59765625 0.03167229729729731 0.09818412162162167
