2 0.43473587223587223 0.5134367321867321 0.043509418509418536 0.12131449631449635
2 0.47210278460278465 0.5138206388206388 0.018939393939393884 0.06679975429975435
2 0.511517199017199 0.5034551597051597 0.029176904176904196 0.0691031941031941
2 0.5540028665028666 0.5099815724815724 0.03327190827190828 0.08983415233415233
2 0.6704545454545455 0.5065264127764127 0.03071253071253075 0.08138820638820646
2 0.7172911547911549 0.49040233415233414 0.036343161343161394 0.07831695331695335
2 0.7851146601146601 0.4969287469287469 0.04197379197379192 0.0944410319410319
2 0.8485872235872236 0.47542997542997545 0.02764127764127764 0.0836916461916462
2 0.911036036036036 0.4589219901719902 0.04811629811629814 0.10442260442260443
2 0.9828854422604423 0.4581926315520066 0.030062448812448867 0.10296388718263723
