2 0.37689393939393945 0.5203470515970515 0.032248157248157244 0.06756756756756763
2 0.3228910728910729 0.5295608108108107 0.03276003276003277 0.0798525798525798
2 0.2709357084357084 0.5291769041769042 0.028153153153153188 0.08522727272727275
2 0.22230753480753485 0.534551597051597 0.03122440622440624 0.06987100737100738
2 0.18314905814905819 0.5353194103194102 0.03583128583128584 0.06987100737100738
2 0.1439905814905815 0.5368550368550368 0.03224815724815723 0.060657248157248225
2 0.11353398853398855 0.5326320638820639 0.029688779688779685 0.0583538083538083
2 0.07770270270270273 0.5383906633906633 0.031736281736281735 0.05912162162162167
2 0.04468673218673223 0.5383906633906633 0.026105651105651106 0.06219287469287469
2 0.01832514332514336 0.5437653562653562 0.024570024570024565 0.06987100737100738
