2 0.39864864864864863 0.5138206388206388 0.028665028665028618 0.04683660933660931
2 0.43934275184275184 0.519963144963145 0.019963144963144924 0.045300982800982756
2 0.4667280917280917 0.5238022113022114 0.025593775593775625 0.04990786240786234
2 0.5455569205569206 0.5165079852579852 0.025593775593775625 0.05221130221130217
2 0.5788288288288288 0.5049907862407863 0.028665028665028677 0.05374692874692873
2 0.6113329238329238 0.5119011056511056 0.03122440622440621 0.03685503685503688
2 0.647932022932023 0.5038390663390663 0.022522522522522456 0.07294226044226049
2 0.6799242424242424 0.5011517199017199 0.03020065520065529 0.046068796068796034
2 0.7206183456183456 0.5019195331695332 0.04504504504504503 0.05988943488943495
2 0.7682227682227682 0.49884828009828014 0.03071253071253063 0.0583538083538083
2 0.8132678132678133 0.4911701474201474 0.02354627354627349 0.04299754299754301
2 0.9166666666666666 0.48042076167076164 0.0204750204750205 0.05374692874692873
2 0.9755323505323505 0.47734950859950853 0.038902538902538926 0.046068796068796034
