2 0.5760135135135136 0.511517199017199 0.03839066339066335 0.06987100737100738
2 0.49692874692874694 0.5003839066339066 0.02764127764127764 0.09674447174447173
2 0.43934275184275184 0.518811425061425 0.045556920556920545 0.09060196560196561
2 0.3863636363636364 0.5276412776412777 0.028665028665028677 0.06987100737100738
2 0.3420864045864046 0.5238022113022114 0.04146191646191646 0.08062039312039308
2 0.28270884520884526 0.5249539312039312 0.02405814905814907 0.06449631449631452
2 0.2440622440622441 0.5310964373464373 0.04914004914004918 0.06449631449631443
2 0.20439189189189194 0.5322481572481573 0.03531941031941033 0.07140663390663393
2 0.1690724815724816 0.5353194103194103 0.03531941031941033 0.06219287469287469
2 0.1296580671580672 0.5387745700245701 0.023034398034398048 0.0506756756756757
2 0.09920147420147422 0.5399262899262899 0.016380016380016384 0.06219287469287469
2 0.07463144963144967 0.5426136363636364 0.02661752661752662 0.05221130221130217
2 0.04724610974610977 0.5456848894348895 0.009725634725634725 0.06296068796068796
2 0.025491400491400525 0.5468366093366093 0.03992628992628992 0.05912162162162158
