0 0.05769856770833334 0.4466959635416667 0.052897135416666685 0.25309244791666663
0 0.11954752604166669 0.45076497395833337 0.05615234375 0.2742513020833333
0 0.186279296875 0.445068359375 0.06917317708333337 0.23681640625
0 0.2513834635416667 0.44954427083333337 0.04801432291666674 0.23274739583333331
0 0.314453125 0.46175130208333337 0.05696614583333337 0.23763020833333331
0 0.4027506510416667 0.45076497395833337 0.05126953125 0.17171223958333331
0 0.4540201822916667 0.45686848958333337 0.03824869791666674 0.17415364583333331
0 0.6029459635416666 0.4247233072916667 0.05452473958333326 0.24495442708333337
0 0.823486328125 0.48250325520833337 0.03499348958333348 0.09847005208333331
0 0.8731282552083334 0.47151692708333337 0.05452473958333326 0.11555989583333331
0 0.6924641927083334 0.46785481770833337 0.08870442708333326 0.18636067708333331
