2 0.6013513513513513 0.48733108108108103 0.06475225225225228 0.2069256756756757
2 0.8695101351351352 0.44985219594594594 0.07742117117117112 0.25232263513513514
2 0.8966075450450451 0.4250422297297297 0.09079391891891894 0.25760135135135137
2 0.9490427927927928 0.42873733108108103 0.07319819819819824 0.2100929054054054
2 0.7283924549549549 0.47202280405405406 0.07953265765765766 0.21853885135135132
2 0.6625844594594594 0.49155405405405406 0.06193693693693696 0.2048141891891892
2 0.8075731981981982 0.47149493243243246 0.07319819819819824 0.21114864864864863
2 0.2582347972972973 0.5475084459459459 0.08234797297297299 0.21748310810810806
2 0.18362894144144143 0.5570101351351352 0.07108671171171176 0.234375
2 0.11324605855855856 0.5733741554054055 0.0950168918918919 0.21220439189189194
2 0.3300253378378379 0.5469805743243243 0.04997184684684684 0.17842060810810817
2 0.3877393018018018 0.5353673986486487 0.04856418918918918 0.20164695945945948
2 0.5263935810810811 0.5300886824324325 0.04856418918918912 0.12985641891891894
2 0.5608811936936937 0.5200591216216217 0.05137950450450456 0.15625
2 0.43278434684684686 0.554370777027027 0.03589527027027029 0.11929898648648649
2 0.4792370495495496 0.5374788851351351 0.04715653153153152 0.1467483108108108
