2 0.592553490990991 0.49472128378378377 0.07108671171171181 0.24282094594594592
2 0.734375 0.47307854729729737 0.08164414414414409 0.2248733108108108
2 0.8673986486486487 0.44879645270270274 0.07319819819819813 0.22909628378378383
2 0.9025900900900901 0.4187077702702703 0.08586711711711707 0.26393581081081086
2 0.9574887387387387 0.4408783783783784 0.07179054054054047 0.20059121621621617
2 0.8061655405405406 0.45777027027027034 0.07742117117117112 0.21326013513513517
2 0.39125844594594594 0.5358952702702704 0.0710867117117117 0.20270270270270271
2 0.18222128378378377 0.5527871621621622 0.052787162162162164 0.22592905405405403
2 0.2526041666666667 0.5527871621621622 0.06545608108108106 0.234375
2 0.1146537162162162 0.5770692567567568 0.08938626126126127 0.22170608108108106
