2 0.048781736281736314 0.6393581081081081 0.0435094185094185 0.09213759213759216
2 0.09459459459459461 0.6025030712530712 0.050163800163800155 0.14281326781326778
2 0.1526924651924652 0.6032708845208845 0.052723177723177715 0.13513513513513517
2 0.21232596232596235 0.5656480343980343 0.04197379197379198 0.18734643734643736
2 0.27042383292383293 0.5756296068796068 0.04043816543816548 0.12131449631449635
2 0.3310810810810811 0.5675675675675675 0.038902538902538926 0.11133292383292384
2 0.3707514332514333 0.5483722358722358 0.03122440622440621 0.13590294840294845
2 0.507422194922195 0.5080620393120393 0.0424856674856675 0.10288697788697787
2 0.5637285012285013 0.4927057739557739 0.03122440622440621 0.09674447174447173
2 0.7446764946764948 0.4516277641277641 0.029688779688779712 0.09597665847665846
2 0.8616400491400492 0.4458691646191646 0.019963144963144924 0.07524570024570024
0 0.9197379197379196 0.4512438574938574 0.05016380016380009 0.10595823095823098
0 0.9681101556101556 0.41746007371007376 0.056818181818181775 0.16124078624078625
