2 0.8913288288288288 0.4093980343980344 0.1571457821457821 0.46452702702702703
2 0.696048321048321 0.4639127764127764 0.05528255528255528 0.203470515970516
2 0.660472972972973 0.48042076167076164 0.035319410319410355 0.1412776412776413
2 0.6261773136773137 0.49040233415233414 0.030200655200655173 0.10135135135135132
2 0.6049344799344799 0.4950092137592138 0.021498771498771538 0.09060196560196561
2 0.18417280917280918 0.4589219901719902 0.06756756756756754 0.17352579852579852
2 0.2847563472563473 0.47427825552825553 0.049651924651924695 0.1382063882063882
2 0.34362203112203116 0.4846437346437346 0.028153153153153157 0.11593980343980341
2 0.39941646191646196 0.48310810810810806 0.03327190827190828 0.0944410319410319
2 0.4316646191646191 0.48310810810810806 0.026105651105651086 0.07140663390663393
