2 0.11993243243243243 0.5147804054054055 0.09431306306306309 0.3378378378378379
2 0.240990990990991 0.5612331081081081 0.07601351351351357 0.23859797297297297
2 0.30257601351351354 0.5575380067567568 0.05841779279279281 0.21220439189189194
2 0.39548141891891897 0.5617609797297297 0.04997184684684684 0.1383023648648649
2 0.5351914414414414 0.5216427364864865 0.06615990990990982 0.13619087837837843
2 0.6252815315315314 0.5285050675675675 0.05067567567567567 0.16258445945945937
2 0.6808840090090091 0.5015836148648649 0.04786036036036035 0.14885979729729729
2 0.7255771396396397 0.4883868243243244 0.05560247747747742 0.10135135135135132
2 0.7942004504504505 0.48469172297297297 0.056306306306306314 0.13196790540540543
2 0.8476914414414414 0.45354729729729726 0.07038288288288293 0.15836148648648646
3 0.9469313063063063 0.44035050675675685 0.09431306306306315 0.16364020270270271
