2 0.641821509009009 0.4451013513513514 0.078125 0.2554898648648648
2 0.7396537162162162 0.45988175675675674 0.078125 0.22170608108108106
2 0.8821790540540541 0.4118454391891892 0.07460585585585591 0.21009290540540543
2 0.9674971846846847 0.38237275062051845 0.060838963963963974 0.20393469043022608
2 0.37858952702702703 0.5343116554054055 0.03589527027027029 0.1404138513513514
2 0.4239864864864865 0.5512035472972974 0.04222972972972971 0.14041385135135132
2 0.47677364864864863 0.48521959459459457 0.0619369369369369 0.27238175675675674
2 0.531320382882883 0.5110853040540541 0.06967905405405403 0.18264358108108114
2 0.598536036036036 0.46199324324324326 0.06193693693693696 0.22381756756756754
2 0.7086852477477479 0.4936655405405405 0.041525900900900935 0.13724662162162166
2 0.26914414414414417 0.5807643581081081 0.04786036036036035 0.10029560810810816
2 0.17412725225225226 0.590793918918919 0.06334459459459456 0.14991554054054052
2 0.12837837837837837 0.6061021959459459 0.05208333333333332 0.14885979729729737
