3 0.9090793918918919 0.44548157360657364 0.1776745495495496 0.24991584991584997
3 0.8149634009009009 0.45407516891891897 0.1133164414414414 0.2269847972972973
3 0.7378941441441441 0.4704391891891892 0.10135135135135147 0.20059121621621617
3 0.6671593468468467 0.46938344594594594 0.0851632882882883 0.17103040540540543
3 0.609445382882883 0.46357685810810817 0.09220157657657661 0.17630912162162163
3 0.4788851351351352 0.44193412162162166 0.09009009009009011 0.1984797297297297
3 0.38668355855855857 0.4435177364864865 0.13372747747747749 0.1953125
3 0.28744369369369366 0.4382390202702703 0.1224662162162162 0.21642736486486486
3 0.19453828828828829 0.4239864864864865 0.12528153153153154 0.23648648648648649
3 0.11817286036036036 0.4055109797297297 0.13865427927927929 0.26076858108108103
3 0.07861768018018017 0.39866210020348536 0.15723536036036034 0.2449593355421058
