2 0.7913851351351352 0.4118454391891892 0.11120495495495497 0.28821790540540543
2 0.949901463963964 0.33482764991554054 0.09603040540540538 0.3411080025337837
2 0.9282798423423423 0.39284206081081086 0.1133164414414414 0.2628800675675676
2 0.8698620495495495 0.4139569256756757 0.10487049549549556 0.25021114864864863
2 0.6224662162162161 0.4546030405405405 0.07882882882882888 0.23648648648648646
2 0.7037584459459459 0.44668496621621623 0.07671734234234234 0.25865709459459457
2 0.2839245495495496 0.5031672297297297 0.07460585585585584 0.26182432432432434
2 0.3268581081081081 0.49155405405405406 0.05771396396396398 0.26604729729729726
2 0.3859797297297297 0.49313766891891897 0.06756756756756754 0.2671030405405405
2 0.450731981981982 0.49736064189189194 0.08305180180180181 0.19953547297297297
2 0.12732263513513511 0.5728462837837839 0.0654560810810811 0.1836993243243243
2 0.17729448198198197 0.5791807432432432 0.05419481981981982 0.1773648648648649
2 0.21143018018018017 0.5512035472972973 0.04786036036036035 0.19953547297297297
2 0.23536036036036034 0.5554265202702703 0.07179054054054058 0.20164695945945948
2 0.04919763513513512 0.5939611486486487 0.05841779279279279 0.17525337837837843
