2 0.8357903357903358 0.4934735872235872 0.05835380835380839 0.08292383292383292
2 0.7623361998361998 0.49539312039312033 0.04248566748566738 0.09597665847665846
2 0.6765970515970515 0.5076781326781326 0.028665028665028677 0.08062039312039308
2 0.596488533988534 0.5099815724815724 0.023034398034398034 0.08983415233415233
2 0.5396703521703522 0.5092137592137591 0.03224815724815731 0.06987100737100738
2 0.48336404586404585 0.5134367321867321 0.028153153153153157 0.06603194103194107
2 0.42961711711711714 0.5176597051597052 0.030200655200655173 0.06987100737100738
2 0.37842956592956595 0.5245700245700246 0.03634316134316133 0.05605036855036856
2 0.33671171171171177 0.5276412776412777 0.034807534807534776 0.06679975429975435
2 0.29166666666666674 0.535703316953317 0.028665028665028677 0.0691031941031941
2 0.26095413595413597 0.5314803439803439 0.036855036855036855 0.05605036855036856
2 0.21795659295659295 0.5372389434889435 0.019451269451269435 0.05988943488943495
2 0.18647624897624898 0.5284090909090908 0.025081900081900105 0.054514742014742004
2 0.15960278460278463 0.5406941031941032 0.025593775593775594 0.07140663390663385
2 0.13247338247338247 0.5330159705159705 0.023546273546273536 0.042229729729729736
2 0.10559991809991812 0.5426136363636364 0.046580671580671584 0.05835380835380839
2 0.042639230139230176 0.5464527027027027 0.032248157248157244 0.05681818181818184
