2 0.7269847972972973 0.4862753378378379 0.07671734234234234 0.16258445945945948
2 0.810740427927928 0.4546030405405405 0.06123310810810807 0.19214527027027026
2 0.8522663288288288 0.45038006756756765 0.07390202702702701 0.15836148648648654
2 0.8994228603603603 0.43190456081081086 0.07249436936936936 0.14885979729729729
2 0.9691019144144145 0.4451013513513514 0.05701013513513509 0.16680743243243246
2 0.6270411036036037 0.504222972972973 0.06545608108108117 0.13935810810810806
2 0.6819397522522522 0.5200591216216217 0.04715653153153146 0.14146959459459457
2 0.5809403153153153 0.5253378378378379 0.07319819819819813 0.1309121621621622
2 0.5337837837837838 0.5147804054054055 0.05771396396396398 0.13724662162162157
2 0.4859234234234234 0.5337837837837839 0.057713963963963916 0.12457770270270271
2 0.43032094594594594 0.5443412162162162 0.05771396396396398 0.1330236486486486
2 0.4042792792792793 0.5564822635135135 0.06334459459459461 0.1467483108108108
2 0.29588963963963966 0.565456081081081 0.04645270270270269 0.1309121621621622
2 0.34726914414414417 0.5876266891891893 0.04504504504504503 0.09923986486486491
2 0.24415822072072074 0.5786528716216216 0.05419481981981982 0.15519425675675674
2 0.22128378378378377 0.5987119932432432 0.04786036036036041 0.13619087837837843
2 0.1611064189189189 0.5950168918918919 0.07249436936936934 0.14358108108108106
2 0.10128096846846844 0.6029349662162162 0.05278716216216218 0.12985641891891894
2 0.06679335585585584 0.6161317567567568 0.06686373873873874 0.13724662162162166
