2 0.2113022113022113 0.40440724815724816 0.16277641277641278 0.519041769041769
2 0.38738738738738737 0.4604576167076167 0.087018837018837 0.23341523341523338
2 0.47210278460278465 0.4662162162162161 0.037366912366912315 0.14050982800982803
2 0.5033271908271908 0.4842598280098279 0.03429565929565932 0.07831695331695335
2 0.9322788697788698 0.41131756756756754 0.11414823914823913 0.22573710073710074
2 0.8099406224406225 0.4385749385749385 0.058865683865683846 0.15433046683046686
2 0.7623361998361998 0.4458691646191646 0.037366912366912315 0.11363636363636367
2 0.7308558558558559 0.4608415233415233 0.026617526617526602 0.09597665847665846
2 0.7037264537264538 0.46851965601965606 0.026617526617526602 0.0867628992628993
2 0.6796683046683047 0.4708230958230958 0.033783783783783744 0.094441031941032
