2 0.8178746928746928 0.43243243243243246 0.05118755118755113 0.18504299754299755
2 0.9335585585585586 0.4159244471744472 0.05733005733005735 0.21191646191646188
2 0.7101248976248976 0.4431818181818182 0.036343161343161276 0.09290540540540544
2 0.5949529074529074 0.46544840294840295 0.03941441441441439 0.10979729729729729
2 0.5317362817362817 0.4719748157248157 0.03787878787878783 0.06603194103194107
0 0.47747747747747754 0.48733108108108103 0.04197379197379198 0.06756756756756754
0 0.4380630630630631 0.47658169533169537 0.04402129402129399 0.10442260442260443
2 0.08742833742833746 0.48733108108108103 0.06244881244881244 0.16277641277641272
2 0.15013308763308766 0.4758138820638821 0.04043816543816544 0.1351351351351351
2 0.22845004095004098 0.49462530712530717 0.022010647010646995 0.10058353808353812
