3 0.5929054054054054 0.5168918918918919 0.25619369369369377 0.17314189189189194
3 0.8343186936936937 0.4630489864864865 0.05771396396396398 0.14358108108108106
3 0.8920326576576577 0.44035050675675685 0.08868243243243251 0.15941722972972974
2 0.33424831081081074 0.55859375 0.04997184684684684 0.13830236486486483
2 0.3704954954954955 0.5496199324324325 0.0351914414414414 0.14358108108108106
2 0.25119650900900903 0.5601773648648649 0.05982545045045041 0.19214527027027026
2 0.29307432432432434 0.5696790540540541 0.03800675675675672 0.14569256756756763
2 0.14878941441441437 0.5960726351351352 0.049268018018017994 0.13724662162162157
2 0.20192849099099097 0.5844594594594594 0.055602477477477485 0.14991554054054052
2 0.9699605855855856 0.4275023689848384 0.055912162162162105 0.14216690013183894
