2 0.2079750204750205 0.41515663390663393 0.14997952497952502 0.43918918918918914
2 0.39660114660114665 0.4811885749385749 0.056306306306306314 0.21652334152334146
2 0.4802927927927928 0.4792690417690418 0.03429565929565932 0.14050982800982795
2 0.9356060606060607 0.4047911547911548 0.07780507780507774 0.23418304668304665
2 0.8112203112203111 0.4431818181818182 0.039926289926289965 0.13743857493857492
2 0.763104013104013 0.4531633906633907 0.0470925470925471 0.1128685503685504
2 0.7236895986895988 0.46621621621621623 0.03276003276003282 0.08983415233415233
2 0.7047502047502048 0.4639127764127764 0.02354627354627349 0.08522727272727267
2 0.6758292383292382 0.4746621621621621 0.022010647010646995 0.08062039312039308
2 0.5112612612612613 0.4777334152334152 0.0204750204750205 0.04990786240786242
