2 0.5200591216216216 0.4002322635135135 0.09009009009009006 0.4233530405405405
2 0.5907939189189189 0.43876689189189194 0.06545608108108106 0.3399493243243243
2 0.65625 0.44246199324324326 0.07390202702702701 0.4106841216216216
2 0.7097409909909909 0.4429898648648649 0.0499718468468469 0.36951013513513514
2 0.7477477477477478 0.43718327702702703 0.09220157657657661 0.31777871621621623
2 0.8022944819819819 0.4276815878378379 0.11965090090090094 0.4001266891891892
2 0.9138513513513513 0.43084881756756754 0.08938626126126129 0.3937922297297297
2 0.9433910472972973 0.4313801676495861 0.10905123873873883 0.40752384881268566
2 0.3757742117117117 0.3733108108108108 0.11261261261261263 0.32094594594594594
2 0.26245777027027023 0.37172719594594594 0.09431306306306302 0.32622466216216217
2 0.18679617117117114 0.35694679054054057 0.1203547297297297 0.3367820945945946
2 0.07523930180180179 0.34269425675675674 0.11965090090090089 0.3293918918918919
