2 0.011926699426699461 0.5380067567567568 0.017915642915642915 0.050675675675675616
2 0.03752047502047506 0.5383906633906633 0.018939393939393936 0.04990786240786242
2 0.06874488124488126 0.534551597051597 0.0261056511056511 0.039158476658476715
2 0.2655610155610156 0.5264895577395577 0.038902538902538926 0.09060196560196561
2 0.31035012285012287 0.5222665847665848 0.03736691236691237 0.10826167076167073
2 0.3502764127764128 0.514588452088452 0.032248157248157244 0.09597665847665846
2 0.4605855855855856 0.5142045454545454 0.031736281736281784 0.09674447174447173
2 0.5153562653562653 0.5026873464373465 0.034807534807534776 0.09674447174447173
2 0.5824119574119575 0.49539312039312033 0.034807534807534776 0.08829852579852586
2 0.6443488943488944 0.48848280098280095 0.036855036855036855 0.09751228501228501
2 0.7257371007371007 0.4777334152334152 0.04197379197379192 0.12515356265356264
2 0.8025184275184275 0.47658169533169537 0.04606879606879607 0.10442260442260443
2 0.8859541359541361 0.4566185503685503 0.05118755118755125 0.12899262899262895
2 0.9742526617526617 0.4451013513513513 0.04658067158067152 0.12592137592137592
