2 0.3180602477477477 0.3031038851351352 0.0703828828828828 0.47614020270270263
2 0.411669481981982 0.37383868243243246 0.049268018018018014 0.29032939189189194
2 0.35993806306306303 0.3891469594594595 0.05560247747747742 0.2934966216216216
2 0.7283924549549549 0.28621199324324326 0.08445945945945953 0.43813344594594594
2 0.8191863738738739 0.2645692567567568 0.08164414414414421 0.5046452702702703
2 0.8666948198198199 0.2798775337837838 0.08234797297297299 0.49092060810810817
2 0.6340793918918918 0.43401604729729737 0.043637387387387365 0.18264358108108109
2 0.6858108108108107 0.3991765202702703 0.09501689189189193 0.23754222972972974
3 0.15230855855855854 0.40709459459459457 0.12739301801801803 0.35261824324324326
3 0.06960867117117114 0.31788429054054057 0.10557432432432431 0.3811233108108108
