0 0.034193284193284226 0.5548986486486486 0.0563063063063063 0.10442260442260443
2 0.23305692055692054 0.519963144963145 0.02098689598689599 0.057585995085995025
2 0.25993038493038495 0.5184275184275184 0.032760032760032795 0.042229729729729736
2 0.30779074529074535 0.5191953316953317 0.018939393939393943 0.0437653562653562
2 0.34259828009828014 0.5153562653562653 0.02712940212940212 0.04376535626535629
2 0.37203112203112204 0.5172757985257985 0.02149877149877148 0.05681818181818184
2 0.44855651105651106 0.5142045454545454 0.026105651105651145 0.04146191646191646
2 0.5808763308763308 0.5072942260442261 0.02047502047502038 0.05988943488943486
2 0.625921375921376 0.5019195331695332 0.025593775593775684 0.049140049140049144
2 0.6684070434070435 0.4996160933660933 0.026617526617526602 0.046068796068796034
2 0.713963963963964 0.5019195331695332 0.016380016380016352 0.050675675675675616
2 0.7643837018837019 0.49846437346437344 0.02405814905814907 0.0652641277641278
2 0.8229934479934481 0.4969287469287469 0.02764127764127764 0.07754914004914007
2 0.8741809991809991 0.4815724815724815 0.034807534807534776 0.06833538083538082
2 0.9399570024570025 0.4823402948402949 0.036343161343161394 0.06372850122850116
2 0.9826986076986076 0.48656326781326786 0.029688779688779712 0.06603194103194107
