2 0.052048141891891886 0.2589588328247602 0.10409628378378377 0.49764739537925007
2 0.10057713963963962 0.30891047297297297 0.07038288288288287 0.4434121621621621
2 0.12697072072072071 0.29307432432432434 0.06264076576576579 0.42440878378378377
2 0.2029842342342342 0.28251689189189194 0.10909346846846849 0.5384290540540541
2 0.34515765765765766 0.2650971283783784 0.11613175675675673 0.503589527027027
2 0.41694819819819817 0.2614020270270271 0.06686373873873883 0.48564189189189183
2 0.46375281531531526 0.2582347972972973 0.10557432432432433 0.5109797297297297
2 0.526393581081081 0.2745988175675676 0.09994369369369356 0.5331503378378378
2 0.615427927927928 0.26298564189189194 0.08938626126126117 0.5183699324324325
2 0.7323041442280268 0.28325591216216217 0.1090122070394416 0.5665118243243243
2 0.9018862612612613 0.3004645270270271 0.16539977477477485 0.5679898648648648
