1 0.6013513513513513 0.4462530712530713 0.08087633087633085 0.24493243243243237
1 0.7218980343980343 0.46851965601965606 0.09162571662571667 0.229576167076167
1 0.8112203112203111 0.44740479115479115 0.060401310401310464 0.1980958230958231
1 0.560913185913186 0.4673679361179361 0.04504504504504503 0.15202702702702703
1 0.5286650286650286 0.4616093366093367 0.038902538902538926 0.16200859950859944
1 0.49283374283374287 0.47043918918918914 0.04095004095004094 0.1458845208845209
2 0.17086404586404585 0.49117014742014736 0.03378378378378377 0.1305282555282555
2 0.21411752661752664 0.4907862407862408 0.03634316134316133 0.08676289926289922
2 0.24943693693693697 0.5 0.02098689598689599 0.09751228501228501
2 0.4104217854217855 0.4781173218673219 0.025593775593775566 0.0875307125307125
