2 0.04007985257985261 0.42897727272727276 0.04965192465192465 0.12285012285012283
2 0.0935708435708436 0.44778869778869784 0.0389025389025389 0.1497235872235872
2 0.2031122031122031 0.45047604422604426 0.03378378378378377 0.15509828009828003
2 0.31572481572481575 0.4516277641277641 0.030712530712530692 0.1236179361179361
2 0.3868755118755119 0.45469901719901723 0.02457002457002453 0.12515356265356264
2 0.41118959868959876 0.4700552825552825 0.028153153153153157 0.10365479115479115
0 0.1521805896805897 0.47274262899262903 0.07934070434070435 0.10749385749385754
0 0.27989352989352995 0.4888667076167076 0.03583128583128584 0.0798525798525798
0 0.3551392301392301 0.49040233415233414 0.03276003276003277 0.08292383292383292
0 0.45393120393120395 0.48617936117936117 0.029688779688779653 0.08215601965601964
0 0.9777666871416871 0.4852003020713463 0.040299959049959 0.12319544443753294
