2 0.28498029279279274 0.5079180743243243 0.05982545045045047 0.2480996621621622
2 0.13013795045045043 0.5702069256756757 0.05137950450450452 0.18686655405405403
2 0.18010979729729729 0.5786528716216217 0.0513795045045045 0.17842060810810806
2 0.22832207207207206 0.5691511824324325 0.056306306306306314 0.16364020270270263
2 0.3282657657657657 0.5079180743243243 0.06334459459459456 0.2628800675675676
2 0.39125844594594594 0.5095016891891893 0.06545608108108106 0.22381756756756754
2 0.7857545045045046 0.4197635135135135 0.08445945945945953 0.2850506756756757
2 0.7132601351351352 0.44615709459459457 0.07319819819819824 0.2618243243243243
2 0.6277449324324323 0.44721283783783783 0.08657094594594597 0.2449324324324324
2 0.04321509009009007 0.5950168918918919 0.052083333333333336 0.16258445945945948
2 0.9594031531531532 0.3464219901719902 0.07702702702702702 0.2967291154791155
2 0.8758445945945946 0.4039273648648649 0.09994369369369369 0.26604729729729726
