2 0.04391891891891895 0.534551597051597 0.07063882063882063 0.14818796068796072
2 0.31418918918918926 0.5195792383292384 0.028665028665028677 0.08906633906633905
2 0.3582104832104832 0.5218826781326781 0.036855036855036855 0.09674447174447173
2 0.4006961506961507 0.5241861179361179 0.034807534807534776 0.08292383292383292
2 0.5104934479934481 0.5049907862407863 0.04146191646191646 0.09520884520884518
2 0.5667997542997543 0.49846437346437344 0.037366912366912315 0.10211916461916459
2 0.6315520065520066 0.5011517199017199 0.026617526617526602 0.10288697788697787
2 0.6955364455364456 0.48848280098280095 0.04402129402129399 0.10672604422604418
2 0.7746212121212123 0.48387592137592145 0.05272317772317774 0.11133292383292384
2 0.8547297297297298 0.4738943488943489 0.0675675675675676 0.11593980343980341
2 0.9381654381654381 0.4604576167076167 0.0470925470925471 0.11210073710073712
