1 0.196969696969697 0.4811885749385749 0.057330057330057325 0.15049140049140047
1 0.2496928746928747 0.47312653562653556 0.05118755118755119 0.17736486486486483
1 0.2957616707616708 0.46890356265356264 0.04197379197379198 0.19041769041769036
1 0.33671171171171177 0.4700552825552825 0.036855036855036855 0.17275798525798525
1 0.38047706797706804 0.4696713759213759 0.0424856674856675 0.17506142506142508
1 0.4198914823914824 0.4635288697788697 0.03736691236691237 0.15816953316953314
1 0.47082309582309584 0.4424140049140049 0.08292383292383292 0.22804054054054052
0 0.8882575757575758 0.2665847665847666 0.18171580671580673 0.4768120393120393
0 0.7567055692055693 0.29230651105651106 0.1602170352170352 0.47143734643734636
0 0.6727579852579854 0.3790694103194103 0.11210073710073705 0.28101965601965606
0 0.6146601146601147 0.42168304668304674 0.08804258804258798 0.16815110565110566
