2 0.8139076576576577 0.36222550675675674 0.1421734234234234 0.4233530405405405
2 0.886402027027027 0.4060388513513514 0.12387387387387391 0.2977195945945946
2 0.6302083333333334 0.4799408783783784 0.07882882882882877 0.24282094594594597
2 0.34832488738738737 0.5374788851351352 0.06827139639639643 0.20164695945945948
2 0.3951295045045045 0.5374788851351352 0.06334459459459461 0.18686655405405403
2 0.44474943693693697 0.5522592905405406 0.04856418918918918 0.15519425675675674
2 0.4820523648648649 0.5501478040540541 0.0443412162162162 0.1467483108108108
2 0.5263935810810811 0.534839527027027 0.05982545045045041 0.15836148648648649
2 0.9699605855855856 0.3741261694386694 0.055912162162162105 0.20644490644490637
2 0.2941300675675676 0.5601773648648649 0.04997184684684684 0.13935810810810817
2 0.04321509009009007 0.5944890202702704 0.06475225225225226 0.18053209459459466
2 0.12274774774774774 0.6082136824324325 0.03941441441441443 0.1446368243243244
2 0.14984515765765763 0.5955447635135135 0.04997184684684683 0.13196790540540534
