3 0.8695741195741196 0.42245085995085996 0.07166257166257163 0.5628071253071253
3 0.9455876330876332 0.42129914004914004 0.05067567567567567 0.3946560196560196
3 0.7794840294840295 0.4489404176904177 0.07882882882882877 0.2902334152334152
3 0.7421171171171171 0.4877149877149877 0.03890253890253881 0.1742936117936118
3 0.7144758394758396 0.4888667076167076 0.02457002457002453 0.14281326781326786
3 0.6957923832923832 0.4815724815724815 0.02712940212940218 0.13590294840294836
3 0.3267301392301392 0.47159090909090906 0.03634316134316133 0.18811425061425063
3 0.3922502047502048 0.4700552825552826 0.025081900081900046 0.1666154791154791
3 0.4672399672399673 0.48733108108108103 0.028665028665028618 0.11517199017199013
3 0.49232186732186733 0.48349201474201475 0.026617526617526602 0.10135135135135132
3 0.5104934479934481 0.4907862407862408 0.023034398034398034 0.09290540540540544
3 0.532504095004095 0.49155405405405406 0.018939393939394002 0.07908476658476662
