2 0.2596744471744472 0.44702088452088445 0.09879197379197381 0.48449017199017197
2 0.0866605241605242 0.3959613022113022 0.11210073710073708 0.2825552825552825
2 0.33440827190827194 0.46506449631449637 0.0557944307944308 0.2748771498771499
2 0.4027436527436528 0.4719748157248157 0.06552006552006547 0.19348894348894347
2 0.48592342342342343 0.45853808353808356 0.0424856674856675 0.378531941031941
2 0.5194512694512695 0.4811885749385749 0.0399262899262899 0.23495085995085993
2 0.6261773136773137 0.4493243243243243 0.0486281736281736 0.32171375921375917
2 0.7091011466011465 0.47734950859950853 0.05374692874692878 0.20116707616707616
2 0.7643837018837019 0.4746621621621621 0.03839066339066335 0.15433046683046686
2 0.8173628173628174 0.4750460687960688 0.039926289926289965 0.16124078624078617
2 0.9069410319410319 0.4731265356265356 0.03071253071253075 0.12054668304668308
2 0.9481470106470107 0.4596898034398034 0.036343161343161276 0.11517199017199013
