2 0.24838119369369369 0.3400548986486487 0.07460585585585587 0.16575168918918917
2 0.20615146396396397 0.3110219594594595 0.0774211711711712 0.1266891891891892
2 0.09635416666666666 0.3696157094594595 0.06897522522522523 0.2544341216216216
2 0.42433840090090086 0.3416385135135135 0.059121621621621635 0.14780405405405403
2 0.481348536036036 0.3722550675675676 0.06193693693693684 0.13302364864864868
3 0.21846846846846849 0.4472128378378379 0.1288006756756757 0.14780405405405408
3 0.3965371621621621 0.45354729729729737 0.08938626126126129 0.13513513513513517
3 0.44615709459459457 0.46621621621621634 0.07742117117117112 0.12035472972972974
3 0.6428772522522521 0.4672719594594595 0.08797860360360363 0.15202702702702703
3 0.7375422297297297 0.4788851351351351 0.07601351351351344 0.13302364864864868
3 0.8434684684684685 0.4820523648648649 0.07249436936936936 0.1309121621621622
3 0.9152590090090089 0.4773015202702703 0.06827139639639637 0.10663006756756754
3 0.5182995495495495 0.47307854729729726 0.05560247747747755 0.1171875
