0 0.5614250614250615 0.5829238329238329 0.0675675675675676 0.1128685503685503
0 0.2691441441441442 0.5836916461916462 0.07268632268632273 0.1236179361179361
0 0.15806715806715807 0.5564342751842751 0.07575757575757575 0.16124078624078625
2 0.8941441441441441 0.5372389434889435 0.05221130221130217 0.19348894348894347
2 0.9793023136773137 0.5380426722326394 0.037228705978706006 0.15209885797879216
2 0.8357903357903358 0.5667997542997544 0.040950040950041 0.10826167076167073
2 0.7910012285012286 0.5721744471744472 0.037366912366912315 0.1266891891891892
2 0.763104013104013 0.5998157248157249 0.03071253071253075 0.06833538083538082
2 0.7295761670761671 0.5894502457002456 0.04658067158067165 0.11056511056511056
2 0.6986076986076986 0.5833077395577395 0.03787878787878789 0.09520884520884518
2 0.6771089271089271 0.5913697788697789 0.02661752661752672 0.07447788697788696
2 0.6272010647010647 0.5867628992628993 0.040438165438165426 0.09290540540540534
