2 0.6421734234234234 0.4767736486486487 0.07882882882882888 0.2597128378378379
2 0.7076295045045046 0.47149493243243246 0.07742117117117112 0.24070945945945948
2 0.9180743243243243 0.4493243243243244 0.07460585585585591 0.1858108108108108
2 0.514428490990991 0.5253378378378379 0.06264076576576579 0.19214527027027026
2 0.5879786036036037 0.5058065878378379 0.06756756756756749 0.20586993243243237
2 0.7815315315315314 0.4725506756756757 0.08164414414414421 0.16680743243243246
2 0.2955377252252252 0.5232263513513514 0.08234797297297299 0.2554898648648648
2 0.3792933558558559 0.5332559121621622 0.05982545045045047 0.19108952702702703
2 0.22304335585585586 0.5812922297297297 0.07530968468468467 0.17314189189189194
2 0.44123029279279274 0.5580658783783784 0.05841779279279281 0.14146959459459457
