2 0.43320802005012526 0.4434915413533834 0.037593984962406006 0.15977443609022557
2 0.47119360902255636 0.44936560150375937 0.02584586466165414 0.12335526315789473
2 0.512703634085213 0.4778547932330827 0.050125313283207976 0.16741071428571433
2 0.5712484335839599 0.4431978383458646 0.05756578947368425 0.11689379699248117
2 0.622548558897243 0.44965930451127817 0.06383145363408514 0.1603618421052632
2 0.6820723684210525 0.4572955827067669 0.03563596491228071 0.16741071428571425
2 0.7451206140350877 0.3950305451127819 0.06226503759398495 0.14508928571428567
3 0.9041118421052631 0.4320371240601504 0.17034774436090222 0.21675281954887216
3 0.3190554511278195 0.4508341165413533 0.05599937343358394 0.15566259398496238
3 0.36291510025062657 0.4543585526315789 0.03563596491228071 0.1074953007518797
3 0.25953164160401004 0.46434445488721804 0.05051691729323308 0.11219454887218046
