2 0.875460687960688 0.4021038083538084 0.16226453726453727 0.4284398034398034
2 0.7078214578214579 0.46276105651105653 0.04606879606879607 0.20270270270270271
2 0.6581695331695331 0.4877149877149877 0.028665028665028677 0.14204545454545459
2 0.6274570024570025 0.48963452088452086 0.036855036855036855 0.11363636363636367
2 0.6105651105651105 0.49577702702702703 0.019451269451269463 0.10288697788697795
2 0.18596437346437347 0.47466216216216217 0.0783169533169533 0.15893734643734642
2 0.28885135135135137 0.47619778869778867 0.050675675675675734 0.1497235872235872
2 0.34566953316953325 0.4823402948402949 0.03327190827190822 0.12208230958230955
2 0.4027436527436528 0.4938574938574939 0.029688779688779653 0.07908476658476662
2 0.4275696150696151 0.48656326781326786 0.03327190827190828 0.05988943488943486
