2 0.8005349099099099 0.37806165540540543 0.12950450450450457 0.4550253378378379
2 0.65625 0.4472128378378379 0.09853603603603603 0.27449324324324326
2 0.7269847972972973 0.4313766891891892 0.09220157657657661 0.30194256756756754
2 0.8951998873873873 0.46832770270270274 0.06686373873873871 0.14991554054054052
2 0.9551801801801801 0.431384732947233 0.08547297297297299 0.19638433075933084
2 0.831151463963964 0.4593538851351352 0.0682713963963965 0.16575168918918917
2 0.46269707207207206 0.543285472972973 0.029560810810810818 0.13091216216216212
2 0.5021114864864865 0.5221706081081081 0.04363738738738743 0.13724662162162166
2 0.5601773648648648 0.5327280405405406 0.044341216216216256 0.10979729729729729
2 0.615427927927928 0.512668918918919 0.056306306306306314 0.15413851351351351
2 0.41378096846846846 0.5448690878378379 0.044341216216216256 0.12563344594594597
2 0.36908783783783783 0.5554265202702703 0.052083333333333336 0.12985641891891894
2 0.3222832207207207 0.5564822635135135 0.04856418918918918 0.14041385135135132
2 0.2870917792792793 0.5686233108108109 0.0513795045045045 0.1520270270270271
2 0.25014076576576577 0.5897381756756757 0.07179054054054053 0.1330236486486486
3 0.10219594594594593 0.5802804167422456 0.20439189189189186 0.23868583348449118
