0 0.14168714168714172 0.4965448402948403 0.14025389025389023 0.2733415233415233
0 0.264025389025389 0.45853808353808356 0.07882882882882886 0.23725429975429974
0 0.39660114660114665 0.4815724815724815 0.07166257166257163 0.23878992628992632
0 0.43447993447993455 0.4930896805896806 0.028665028665028677 0.14358108108108106
0 0.4680077805077805 0.4961609336609337 0.03941441441441439 0.1266891891891892
0 0.4987203112203113 0.4666001228501228 0.03634316134316133 0.1781326781326781
0 0.5322481572481572 0.48963452088452086 0.02661752661752666 0.1382063882063882
0 0.5747338247338247 0.4811885749385749 0.040950040950041 0.12592137592137592
0 0.6103091728091729 0.4850276412776413 0.040438165438165544 0.11824324324324324
0 0.6469082719082719 0.48349201474201475 0.031736281736281784 0.10902948402948401
