3 0.4232605945604047 0.42516603415559767 0.1478494623655914 0.41508538899430736
2 0.700774826059456 0.4530360531309297 0.044275774826059454 0.14350094876660338
2 0.7628399746995572 0.4817955407969639 0.06008855154965218 0.15002371916508536
2 0.8583096141682478 0.4883183111954459 0.07234345351043649 0.28166508538899426
2 0.9456752055660973 0.47112191650853885 0.08499367488931048 0.15358159392789372
2 0.29102624920936115 0.5390180265654648 0.03518342820999365 0.12689753320683117
2 0.33352308665401637 0.5123339658444023 0.03162555344718528 0.09724857685009489
2 0.5649826059456039 0.5336812144212523 0.06206514864010124 0.20635673624288425
2 0.6108396584440228 0.48713235294117646 0.02806767868437703 0.12274667931688805
2 0.6557084123972169 0.498991935483871 0.023719165085388974 0.10614326375711576
