3 0.06679335585585584 0.5116131756756757 0.10698198198198199 0.20059121621621614
3 0.20403997747747749 0.5343116554054055 0.06052927927927927 0.12352195945945947
3 0.3564189189189189 0.5116131756756757 0.051379504504504445 0.16680743243243246
3 0.2906109234234234 0.44035050675675674 0.1393581081081081 0.28188344594594594
3 0.44334177927927926 0.44140625 0.1280968468468469 0.18897804054054052
3 0.5520833333333334 0.47519003378378377 0.10205518018018024 0.19531249999999994
3 0.6263372747747747 0.4472128378378379 0.11824324324324327 0.23437500000000006
3 0.7065737612612613 0.49049831081081086 0.06193693693693696 0.1541385135135136
3 0.8828828828828829 0.49313766891891897 0.09642454954954958 0.14674831081081088
3 0.7854025900900901 0.5137246621621622 0.05771396396396398 0.10557432432432438
