2 0.6668074324324323 0.4672719594594595 0.10979729729729731 0.36106418918918914
2 0.5946649774774774 0.43559966216216217 0.10768581081081088 0.3125
2 0.5253378378378378 0.47307854729729737 0.09149774774774772 0.25443412162162166
2 0.4077984234234234 0.49260979729729726 0.08164414414414416 0.23859797297297294
2 0.4560106981981982 0.5079180743243243 0.04997184684684684 0.22698479729729729
3 0.12732263513513514 0.578125 0.22733671171171171 0.28716216216216217
2 0.2972972972972973 0.543285472972973 0.07882882882882883 0.24915540540540543
2 0.7586570945945946 0.48574746621621634 0.06264076576576585 0.15097128378378377
2 0.8075731981981983 0.4783572635135135 0.06897522522522527 0.1467483108108108
2 0.8772522522522522 0.45829814189189194 0.06897522522522527 0.14885979729729729
2 0.9384853603603603 0.4408783783783784 0.07319819819819813 0.1456925675675676
