2 0.07923832923832927 0.5172757985257984 0.0563063063063063 0.09060196560196561
2 0.17700655200655202 0.534551597051597 0.02354627354627355 0.06679975429975435
2 0.20720720720720723 0.512668918918919 0.029688779688779712 0.0691031941031941
2 0.24201474201474202 0.519963144963145 0.025593775593775594 0.0683353808353809
2 0.2855241605241606 0.519963144963145 0.029688779688779712 0.0652641277641278
2 0.31828419328419333 0.5069103194103194 0.025593775593775566 0.07754914004914007
0 0.7080773955773957 0.40517506142506143 0.08753071253071253 0.21038083538083535
0 0.9020782145782146 0.3698556511056511 0.17864455364455362 0.23341523341523338
0 0.6443488943488944 0.42053132678132676 0.08087633087633096 0.19195331695331697
0 0.6049344799344799 0.43550368550368546 0.04299754299754296 0.14818796068796072
0 0.5675675675675674 0.43665540540540543 0.056306306306306314 0.13206388206388206
