2 0.47818130630630634 0.5406461148648649 0.04504504504504509 0.12563344594594597
0 0.8408079954954955 0.3254498197280784 0.31421734234234233 0.3666935583750758
2 0.6182432432432433 0.5110853040540541 0.04786036036036035 0.14041385135135132
2 0.6685670045045046 0.4963048986486487 0.05560247747747755 0.12352195945945947
2 0.7248733108108107 0.526393581081081 0.051379504504504445 0.1055743243243243
2 0.7480996621621621 0.49049831081081086 0.05701013513513509 0.11613175675675676
2 0.32932150900900903 0.5469805743243243 0.037302927927927956 0.1256334459459459
2 0.37858952702702703 0.562816722972973 0.052787162162162164 0.11929898648648649
2 0.42539414414414417 0.5501478040540541 0.043637387387387365 0.13619087837837834
2 0.5239301801801802 0.5358952702702704 0.04786036036036035 0.13935810810810817
2 0.5731981981981982 0.5332559121621622 0.04222972972972971 0.11507601351351351
