3 0.9402449324324326 0.41923564189189194 0.09642454954954958 0.1847550675675676
3 0.8607122747747747 0.4625211148648649 0.07671734234234234 0.11929898648648649
2 0.8037021396396397 0.47360641891891897 0.05841779279279275 0.1351351351351351
2 0.7713260135135136 0.45829814189189194 0.06686373873873871 0.17842060810810811
2 0.7143158783783785 0.4767736486486487 0.08797860360360363 0.16891891891891894
2 0.6794763513513513 0.4852195945945946 0.059121621621621635 0.16047297297297297
2 0.6192989864864865 0.48733108108108114 0.07953265765765766 0.15413851351351351
2 0.5696790540540541 0.506862331081081 0.06475225225225228 0.1256334459459459
2 0.5235782657657657 0.5010557432432432 0.07249436936936936 0.16680743243243246
2 0.4282094594594595 0.5327280405405406 0.06193693693693696 0.12035472972972974
2 0.38140484234234234 0.5680954391891893 0.0513795045045045 0.11929898648648649
2 0.3405827702702703 0.565456081081081 0.052787162162162164 0.12457770270270271
2 0.29272240990990994 0.5733741554054055 0.05982545045045047 0.1171875
2 0.24732545045045043 0.5760135135135135 0.07038288288288287 0.14146959459459466
2 0.19876126126126123 0.5966005067567568 0.059121621621621635 0.12563344594594597
2 0.14702984234234232 0.6087415540540541 0.05701013513513513 0.12246621621621623
2 0.11078265765765763 0.6177153716216216 0.07882882882882881 0.15730574324324326
