2 0.6699746621621621 0.5079180743243243 0.06123310810810819 0.16152871621621623
2 0.7315596846846847 0.4978885135135135 0.07601351351351344 0.14358108108108106
2 0.7963119369369369 0.4799408783783784 0.0703828828828828 0.16891891891891894
2 0.8673986486486487 0.4646326013513514 0.07179054054054058 0.16152871621621623
2 0.9317989864864865 0.44879645270270274 0.08375563063063064 0.18264358108108106
2 0.557713963963964 0.5274493243243243 0.06193693693693684 0.14569256756756763
2 0.46867961711711714 0.5686233108108109 0.041525900900900935 0.09923986486486483
2 0.512668918918919 0.5601773648648649 0.04645270270270269 0.12457770270270271
2 0.3585304054054054 0.5691511824324325 0.04504504504504509 0.10874155405405403
2 0.43876689189189194 0.5765413851351351 0.07179054054054053 0.15097128378378377
